  0.700000
  0.777551
  0.855102
  0.932653
  1.010204
  1.087755
  1.165306
  1.242857
  1.320408
  1.397959
  1.475510
  1.553061
  1.630612
  1.708163
  1.785714
  1.863265
  1.940816
  2.018367
  2.095918
  2.173469
  2.251020
  2.328571
  2.406122
  2.483673
  2.561224
  2.638776
  2.716327
  2.793878
  2.871429
  2.948980
  3.026531
  3.104082
  3.181633
  3.259184
  3.336735
  3.414286
  3.491837
  3.569388
  3.646939
  3.724490
  3.802041
  3.879592
  3.957143
  4.034694
  4.112245
  4.189796
  4.267347
  4.344898
  4.422449
  4.500000
