  0.434869686  0.434796075  0.434582721  0.434547120  0.434524633  0.434344909  0.434230160  0.434111546  0.434111993  0.433885492  0.433948489  0.433709276  0.433628320  0.433442995  0.433456432  0.433269196  0.433132209  0.433103540  0.433045741  0.432956717  0.432880673  0.432595629  0.432679265  0.432502466  0.432499603
  0.459386733  0.459166022  0.458948730  0.458854613  0.458697027  0.458573202  0.458373821  0.458197538  0.458154419  0.457855198  0.457813725  0.457509157  0.457395134  0.457128205  0.456998255  0.456821743  0.456731486  0.456493456  0.456380033  0.456212148  0.456119183  0.455725143  0.455770222  0.455568857  0.455345898
  0.478090347  0.477804888  0.477568683  0.477352238  0.477244301  0.477006696  0.476709698  0.476505686  0.476431068  0.476094653  0.475998107  0.475680450  0.475522061  0.475262801  0.475115353  0.474803614  0.474594388  0.474361026  0.474281896  0.474044017  0.473877233  0.473503003  0.473486915  0.473102727  0.472944169
  0.492963322  0.492628070  0.492415926  0.492127020  0.492008284  0.491723536  0.491410161  0.491182687  0.491027586  0.490674419  0.490515547  0.490192291  0.489941864  0.489683435  0.489484656  0.489139526  0.488892202  0.488638467  0.488472217  0.488247076  0.488042105  0.487576416  0.487482106  0.487209702  0.486944393
  0.505205781  0.504947210  0.504639504  0.504325888  0.504106404  0.503823121  0.503484150  0.503230562  0.503013850  0.502641269  0.502459049  0.502027696  0.501856869  0.501525871  0.501367691  0.500976042  0.500676318  0.500316550  0.500146429  0.499922532  0.499623880  0.499146137  0.498983911  0.498612511  0.498378507
  0.515498994  0.515198932  0.514846413  0.514525099  0.514253616  0.513922292  0.513548089  0.513339492  0.513059396  0.512660015  0.512431415  0.512056411  0.511785077  0.511394832  0.511200127  0.510773714  0.510509935  0.510103199  0.509899214  0.509632959  0.509327315  0.508842998  0.508608367  0.508229504  0.507923782
  0.524184179  0.523967421  0.523516459  0.523168205  0.522891402  0.522499650  0.522104309  0.521919274  0.521605700  0.521133959  0.520917768  0.520461620  0.520290401  0.519874428  0.519627772  0.519105090  0.518888505  0.518423058  0.518184805  0.517958647  0.517560735  0.517068520  0.516792866  0.516467221  0.516131338
  0.531704485  0.531450321  0.531050803  0.530638063  0.530341481  0.529908176  0.529488553  0.529265038  0.528893847  0.528463831  0.528247656  0.527720981  0.527523113  0.527093676  0.526776451  0.526235302  0.526058813  0.525581067  0.525277508  0.525002357  0.524655866  0.524123694  0.523829520  0.523486835  0.523032420
  0.538201282  0.537936658  0.537513984  0.537088586  0.536782902  0.536363142  0.535965877  0.535659589  0.535219957  0.534823962  0.534616166  0.533984889  0.533840711  0.533339951  0.533063545  0.532520770  0.532259572  0.531825192  0.531439579  0.531083764  0.530752131  0.530182565  0.529895614  0.529507900  0.529085732
  0.543904595  0.543585993  0.543163811  0.542765155  0.542401648  0.541983845  0.541506381  0.541257134  0.540778703  0.540404537  0.540140522  0.539472484  0.539276683  0.538834413  0.538505698  0.538012628  0.537600377  0.537188619  0.536824682  0.536519578  0.536109771  0.535507649  0.535292830  0.534840100  0.534340470
  0.548959077  0.548575680  0.548186707  0.547721094  0.547395620  0.546904508  0.546408927  0.546158439  0.545639048  0.545256738  0.544954167  0.544316045  0.544070200  0.543621774  0.543296832  0.542755491  0.542385972  0.541936030  0.541526332  0.541205502  0.540798825  0.540149017  0.539972200  0.539468618  0.538985845
  0.553429551  0.552992744  0.552617741  0.552086562  0.551807528  0.551297702  0.550796855  0.550424558  0.550002157  0.549601341  0.549242941  0.548640299  0.548308240  0.547897250  0.547525607  0.546959097  0.546564810  0.546132676  0.545752423  0.545393340  0.544915314  0.544292943  0.544073517  0.543608063  0.543085234
  0.557413382  0.556853219  0.556528948  0.556000334  0.555661016  0.555117380  0.554652139  0.554277077  0.553854588  0.553399585  0.553046033  0.552456257  0.552078480  0.551684071  0.551205962  0.550668223  0.550292586  0.549839434  0.549399395  0.549069591  0.548568096  0.547920406  0.547725115  0.547215932  0.546644627
  0.560944258  0.560347696  0.559946581  0.559475843  0.559117356  0.558612582  0.558114637  0.557712860  0.557251225  0.556730956  0.556465798  0.555760719  0.555434371  0.555034959  0.554573417  0.553959491  0.553663011  0.553166320  0.552697468  0.552347813  0.551801850  0.551173611  0.550926568  0.550408456  0.549872580
  0.564128873  0.563470178  0.563097428  0.562573689  0.562257164  0.561658386  0.561157775  0.560744797  0.560330008  0.559744630  0.559498418  0.558793588  0.558406211  0.557993384  0.557519225  0.556940397  0.556634482  0.556111186  0.555611150  0.555273570  0.554702027  0.554110186  0.553813092  0.553204001  0.552729356
  0.566940192  0.566263388  0.565916427  0.565389365  0.564992607  0.564413566  0.563909085  0.563556307  0.563090206  0.562450274  0.562144951  0.561525947  0.561058147  0.560655811  0.560265001  0.559561354  0.559209206  0.558769445  0.558271910  0.557829066  0.557269923  0.556745967  0.556408294  0.555738713  0.555290583
  0.569471753  0.568744440  0.568404295  0.567892942  0.567495194  0.566924151  0.566358030  0.566106958  0.565471688  0.564899329  0.564548373  0.563915326  0.563472753  0.563070161  0.562654169  0.561958588  0.561611531  0.561170872  0.560645136  0.560186192  0.559565475  0.559068832  0.558737646  0.557960822  0.557531391
  0.571772366  0.571032142  0.570680034  0.570160048  0.569727493  0.569180843  0.568611304  0.568328012  0.567749954  0.567134533  0.566757814  0.566112967  0.565673226  0.565209278  0.564832454  0.564131785  0.563698483  0.563278940  0.562722029  0.562286141  0.561639184  0.561097189  0.560826542  0.560046319  0.559622273
  0.573754235  0.573140142  0.572713621  0.572228938  0.571775745  0.571191608  0.570553774  0.570256868  0.569717276  0.569101144  0.568679599  0.568059637  0.567624268  0.567121792  0.566746495  0.566065109  0.565584451  0.565175678  0.564589839  0.564168512  0.563541531  0.562959221  0.562670444  0.561885779  0.561449166
  0.575618484  0.575019142  0.574597830  0.574052304  0.573559961  0.572984488  0.572390629  0.572071501  0.571506845  0.570859937  0.570500114  0.569819705  0.569421353  0.568890470  0.568458228  0.567787701  0.567284749  0.566884928  0.566261361  0.565851823  0.565236829  0.564673710  0.564356558  0.563493817  0.563104258
  0.577302314  0.576695988  0.576287052  0.575749231  0.575168184  0.574648294  0.573994185  0.573740860  0.573130774  0.572486924  0.572125778  0.571412656  0.570985025  0.570417715  0.570009112  0.569338142  0.568858099  0.568424053  0.567798677  0.567380323  0.566712842  0.566177801  0.565820807  0.565028586  0.564578344
  0.578848302  0.578229348  0.577776486  0.577252100  0.576652534  0.576152530  0.575491518  0.575231131  0.574618043  0.573941437  0.573586060  0.572825643  0.572389134  0.571801177  0.571431626  0.570757839  0.570288114  0.569801429  0.569208125  0.568714666  0.568099681  0.567560252  0.567138572  0.566395057  0.565916000
  0.580213744  0.579607821  0.579149014  0.578594802  0.577986774  0.577462819  0.576907014  0.576552428  0.576004862  0.575323535  0.574915699  0.574157288  0.573628556  0.573082336  0.572740076  0.571980836  0.571520331  0.571069416  0.570528861  0.570018373  0.569403753  0.568826221  0.568378074  0.567606661  0.567129476
  0.581514672  0.580877126  0.580356776  0.579878867  0.579237395  0.578628814  0.578125245  0.577755532  0.577265846  0.576513758  0.576111388  0.575340961  0.574826708  0.574252830  0.573859960  0.573180663  0.572660477  0.572246744  0.571640870  0.571117028  0.570491510  0.569939428  0.569484035  0.568746909  0.568268243
  0.582702679  0.581957601  0.581490932  0.580971863  0.580345642  0.579719291  0.579269461  0.578843511  0.578369698  0.577605842  0.577166170  0.576437844  0.575877385  0.575354624  0.574841433  0.574225898  0.573695743  0.573264758  0.572656998  0.572143651  0.571551041  0.570917250  0.570521842  0.569733296  0.569253623
