  0.000051734  0.000052559  0.000053556  0.000051340  0.000052845  0.000052833  0.000052174  0.000052892  0.000051419  0.000051688  0.000051892  0.000051997  0.000052645  0.000052297  0.000051331  0.000051292  0.000050172  0.000050894  0.000050757  0.000050784  0.000049860  0.000051135  0.000050667  0.000049876  0.000049820
  0.000052097  0.000051550  0.000051347  0.000051644  0.000051578  0.000051634  0.000051539  0.000050936  0.000051056  0.000050585  0.000050810  0.000050615  0.000050757  0.000050739  0.000050797  0.000050901  0.000050153  0.000049860  0.000049177  0.000049957  0.000049675  0.000049800  0.000049819  0.000049327  0.000049477
  0.000051890  0.000050090  0.000051255  0.000051438  0.000051430  0.000049866  0.000051556  0.000051302  0.000050843  0.000050454  0.000050825  0.000049970  0.000050070  0.000049902  0.000049910  0.000050037  0.000049955  0.000049834  0.000049634  0.000049252  0.000049715  0.000048274  0.000049621  0.000049658  0.000048790
  0.000051704  0.000050587  0.000051505  0.000050982  0.000050674  0.000050557  0.000050237  0.000050496  0.000051419  0.000051564  0.000051451  0.000049701  0.000050006  0.000050503  0.000050698  0.000050077  0.000049843  0.000050064  0.000048955  0.000049903  0.000049722  0.000049335  0.000049410  0.000048148  0.000049576
  0.000050765  0.000051007  0.000051664  0.000050395  0.000050802  0.000050504  0.000050813  0.000050839  0.000050690  0.000051010  0.000051162  0.000049842  0.000050399  0.000049757  0.000050497  0.000049933  0.000049248  0.000049296  0.000050013  0.000049578  0.000049908  0.000049333  0.000048269  0.000049878  0.000049707
  0.000051113  0.000051915  0.000051294  0.000052084  0.000051001  0.000051152  0.000049950  0.000052913  0.000050551  0.000050758  0.000051104  0.000050114  0.000051361  0.000051311  0.000049725  0.000050499  0.000049859  0.000049942  0.000049454  0.000048876  0.000048876  0.000049769  0.000049658  0.000048878  0.000049393
  0.000052613  0.000051703  0.000050044  0.000051510  0.000051422  0.000051084  0.000050491  0.000051201  0.000051281  0.000050826  0.000050586  0.000051182  0.000050587  0.000049639  0.000050477  0.000050289  0.000050016  0.000050631  0.000050879  0.000050060  0.000049766  0.000050264  0.000049661  0.000049316  0.000050214
  0.000051462  0.000051701  0.000051392  0.000052115  0.000051252  0.000051989  0.000050658  0.000050475  0.000050204  0.000051507  0.000050459  0.000051446  0.000051082  0.000050901  0.000050949  0.000050819  0.000050623  0.000050046  0.000051382  0.000050176  0.000050382  0.000050420  0.000049616  0.000049342  0.000049875
  0.000052560  0.000051598  0.000051669  0.000051145  0.000051286  0.000051108  0.000051198  0.000051419  0.000050919  0.000052050  0.000050694  0.000051184  0.000051045  0.000051113  0.000050287  0.000050852  0.000051016  0.000050028  0.000050300  0.000050210  0.000049862  0.000049952  0.000050198  0.000049160  0.000050000
  0.000051589  0.000051700  0.000051733  0.000051125  0.000052658  0.000051127  0.000050738  0.000051684  0.000050788  0.000050945  0.000049567  0.000051637  0.000051722  0.000050876  0.000050262  0.000050664  0.000049606  0.000049787  0.000051066  0.000049535  0.000051352  0.000050365  0.000050125  0.000050013  0.000049639
  0.000051800  0.000051725  0.000052249  0.000051798  0.000052625  0.000050435  0.000051123  0.000051283  0.000051433  0.000050341  0.000051045  0.000051414  0.000050961  0.000050044  0.000051100  0.000050590  0.000050714  0.000050348  0.000049891  0.000051019  0.000050761  0.000050118  0.000050546  0.000050260  0.000049386
  0.000052367  0.000053102  0.000052195  0.000052199  0.000051564  0.000051181  0.000051988  0.000051421  0.000050625  0.000052148  0.000050876  0.000051751  0.000051451  0.000050834  0.000050392  0.000050760  0.000049935  0.000050866  0.000050080  0.000050734  0.000051194  0.000050363  0.000049794  0.000049084  0.000050425
  0.000051349  0.000051683  0.000052381  0.000051119  0.000050306  0.000052487  0.000051892  0.000051562  0.000050616  0.000051503  0.000051658  0.000051219  0.000050892  0.000050418  0.000050931  0.000050695  0.000050850  0.000050548  0.000050253  0.000050837  0.000050275  0.000050471  0.000051234  0.000050903  0.000050559
  0.000052034  0.000051601  0.000052575  0.000051674  0.000051637  0.000051599  0.000052347  0.000051207  0.000050921  0.000051726  0.000051112  0.000050673  0.000051252  0.000051359  0.000050628  0.000050179  0.000050262  0.000050824  0.000050452  0.000050608  0.000050392  0.000050462  0.000049938  0.000050182  0.000049713
  0.000051947  0.000051342  0.000051648  0.000052700  0.000051361  0.000051355  0.000050916  0.000051392  0.000051257  0.000051694  0.000051386  0.000050680  0.000051631  0.000052009  0.000051629  0.000049594  0.000050907  0.000050708  0.000050298  0.000050538  0.000051229  0.000050432  0.000049639  0.000050151  0.000050337
  0.000052326  0.000053125  0.000051716  0.000051586  0.000052296  0.000052048  0.000052601  0.000051922  0.000051723  0.000051206  0.000050693  0.000051770  0.000050489  0.000051758  0.000050476  0.000051557  0.000050032  0.000051616  0.000050307  0.000051169  0.000050293  0.000050816  0.000050850  0.000049666  0.000049780
  0.000052340  0.000052752  0.000052233  0.000052391  0.000052253  0.000051213  0.000051857  0.000052326  0.000052707  0.000051629  0.000051817  0.000051192  0.000051194  0.000051566  0.000051360  0.000050834  0.000051318  0.000050521  0.000049920  0.000050545  0.000050282  0.000050832  0.000051325  0.000050167  0.000050859
  0.000053591  0.000052291  0.000052130  0.000052195  0.000052458  0.000053148  0.000051897  0.000051241  0.000052539  0.000050750  0.000051575  0.000051364  0.000051472  0.000050806  0.000051443  0.000050621  0.000050748  0.000050690  0.000050772  0.000050935  0.000050359  0.000050812  0.000050860  0.000050433  0.000050101
  0.000052349  0.000053443  0.000053166  0.000050956  0.000052705  0.000051979  0.000051893  0.000051620  0.000051449  0.000051442  0.000051179  0.000050839  0.000050818  0.000051447  0.000052065  0.000052034  0.000050807  0.000050648  0.000050059  0.000051299  0.000050625  0.000050607  0.000051647  0.000050246  0.000050226
  0.000052211  0.000052167  0.000052904  0.000051447  0.000052191  0.000052802  0.000053176  0.000051876  0.000052452  0.000051598  0.000051782  0.000050896  0.000051373  0.000050488  0.000051430  0.000051587  0.000052393  0.000050695  0.000051191  0.000050576  0.000050341  0.000051324  0.000051362  0.000050594  0.000050559
  0.000051681  0.000052683  0.000052661  0.000051664  0.000052256  0.000052434  0.000051803  0.000052012  0.000050868  0.000051906  0.000051711  0.000051184  0.000050874  0.000051715  0.000051903  0.000051561  0.000051277  0.000051080  0.000051118  0.000051204  0.000050114  0.000050066  0.000050956  0.000050342  0.000050524
  0.000053211  0.000053027  0.000052106  0.000052057  0.000053516  0.000051643  0.000051848  0.000052367  0.000051942  0.000051870  0.000051983  0.000050816  0.000051751  0.000051547  0.000050935  0.000050790  0.000052294  0.000051403  0.000051825  0.000050836  0.000050359  0.000050592  0.000051073  0.000051209  0.000050838
  0.000052148  0.000052902  0.000052055  0.000051708  0.000053222  0.000051813  0.000052343  0.000050823  0.000051447  0.000051603  0.000052613  0.000051230  0.000052536  0.000052677  0.000050553  0.000051805  0.000051118  0.000051524  0.000051720  0.000050547  0.000051137  0.000050734  0.000049673  0.000050511  0.000050614
  0.000052397  0.000052770  0.000053293  0.000052266  0.000054090  0.000052640  0.000051294  0.000051875  0.000052241  0.000052080  0.000051379  0.000051650  0.000052417  0.000052683  0.000051755  0.000050825  0.000052473  0.000051662  0.000050873  0.000050541  0.000051509  0.000050395  0.000051366  0.000050808  0.000051152
  0.000053208  0.000053172  0.000051833  0.000052018  0.000052773  0.000051981  0.000051750  0.000052928  0.000051452  0.000051253  0.000052091  0.000051214  0.000052170  0.000051605  0.000050724  0.000051527  0.000051032  0.000050766  0.000051390  0.000051419  0.000050997  0.000050761  0.000049827  0.000051405  0.000050081
