  0.500000
  0.601695
  0.703390
  0.805085
  0.906780
  1.008475
  1.110169
  1.211864
  1.313559
  1.415254
  1.516949
  1.618644
  1.720339
  1.822034
  1.923729
  2.025424
  2.127119
  2.228814
  2.330508
  2.432203
  2.533898
  2.635593
  2.737288
  2.838983
  2.940678
  3.042373
  3.144068
  3.245763
  3.347458
  3.449153
  3.550847
  3.652542
  3.754237
  3.855932
  3.957627
  4.059322
  4.161017
  4.262712
  4.364407
  4.466102
  4.567797
  4.669492
  4.771186
  4.872881
  4.974576
  5.076271
  5.177966
  5.279661
  5.381356
  5.483051
  5.584746
  5.686441
  5.788136
  5.889831
  5.991525
  6.093220
  6.194915
  6.296610
  6.398305
  6.500000
